IsActive,FirstName,LastName,Email,Username,Profile,TimeZoneSidKey,LocaleSidKey,EmailEncodingKey,LanguageLocaleKey,Alias,UserRole,PSG1,PS1,PS2
TRUE,Test5,User,6andrey@gmail.com,6andrey@gmail.com.testuser5_20230910,Standard User,America/New_York,en_US,UTF-8,en_US,T5User,CEO,,Test_Permission_Set,
